    32    32     1
0.00189689 0.000432611 -4.15386e-006 0.000118607 -1.50639e-009 -5.0436e-007 -7.52356e-005 0.000416491 1.09337e-019 -2.57644e-008 6.56812e-006 -2.81956e-006 0.000864951 0.000175499 5.2349e-017 -6.62645e-006 2.74282e-006 3.59717e-006 0.000576233 2.39355e-006 1.07022e-005 1.09337e-019 1.09337e-019 -7.76854e-018 0.000263823 0.000547275 0.000740082 0.000861551 0.000973336 -4.06418e-017 3.10038e-005 4.3694e-005 
0.000432611 0.0274276 0.000100547 -0.00266776 -7.38375e-009 -5.75149e-006 -0.00256249 0.00135795 2.43109e-017 -8.78327e-008 -0.00132934 0.000482927 0.0145004 -0.0267231 -3.10755e-016 0.000173279 -0.00011002 -0.000129544 0.0161394 -1.63929e-005 -0.00031002 2.43109e-017 2.43109e-017 5.66854e-016 -0.00650326 0.0144571 0.00582808 -0.00119476 -0.011538 -4.9721e-017 -0.000222689 0.0130709 
-4.15386e-006 0.000100547 3.33137e-005 -1.67604e-005 6.90433e-010 -1.15958e-007 -6.76174e-005 -1.45227e-005 -5.24503e-020 1.23782e-008 3.54964e-006 -5.47631e-006 6.65245e-005 -0.000101851 2.21373e-018 1.07778e-005 -2.31248e-005 -3.25641e-005 6.41329e-005 3.0075e-005 -5.33359e-005 -5.24503e-020 -5.24503e-020 1.95289e-017 7.83191e-005 5.42518e-005 3.6056e-005 4.9336e-005 -0.000162832 -2.52315e-017 -2.46705e-005 4.29141e-005 
0.000118607 -0.00266776 -1.67604e-005 0.00211128 8.1047e-011 -1.55589e-006 -0.000105546 -0.0028565 -1.05405e-018 1.59461e-008 -2.24173e-005 4.85669e-006 -0.00431987 -0.00107508 1.06697e-016 -2.4337e-005 5.02545e-006 1.97588e-005 -0.00507917 5.59249e-005 7.34664e-005 -1.05405e-018 -1.05405e-018 -5.46249e-017 -0.00114816 -0.00394489 -0.00482848 -0.00474938 -0.00307148 -3.54446e-017 -3.87766e-005 0.000365312 
-1.50639e-009 -7.38375e-009 6.90433e-010 8.1047e-011 1 1.25467e-010 6.63863e-008 7.64501e-009 2.15965e-022 -9.91249e-011 -2.74772e-009 1.21387e-009 8.04714e-009 3.65902e-008 2.82304e-020 -7.39071e-010 6.2687e-011 -1.8507e-010 7.67555e-009 2.40249e-010 -9.98304e-010 2.15965e-022 2.15965e-022 4.33458e-020 2.75044e-008 1.30414e-008 -1.88727e-009 -6.73851e-009 -4.93212e-009 8.51424e-022 -7.71425e-009 -2.87408e-008 
-5.0436e-007 -5.75149e-006 -1.15958e-007 -1.55589e-006 1.25467e-010 0.00027953 -0.000100981 -2.76016e-005 -4.98416e-020 1.97691e-009 1.75061e-006 -1.38099e-006 2.09607e-006 2.67997e-005 1.1381e-018 -5.08207e-007 1.84524e-007 4.2952e-007 -1.03982e-005 -6.94895e-008 6.2718e-010 -4.98416e-020 -4.98416e-020 3.22492e-018 -2.99336e-005 -1.66612e-005 5.87627e-006 1.91937e-005 2.00843e-005 -2.05035e-018 -9.26947e-006 -2.38327e-005 
-7.52356e-005 -0.00256249 -6.76174e-005 -0.000105546 6.63863e-008 -0.000100981 0.0298833 -0.00429717 1.17852e-017 1.21779e-006 6.02849e-006 6.71314e-005 -0.00340144 0.0183905 1.34856e-015 -5.35965e-006 2.20752e-005 -9.47472e-006 -0.00349197 2.97024e-006 -0.000102004 1.17852e-017 1.17852e-017 -1.39333e-015 -0.00132121 -0.00352593 -0.00106127 0.00274459 0.00794002 -6.31257e-016 0.00353193 -0.00737456 
0.000416491 0.00135795 -1.45227e-005 -0.0028565 7.64501e-009 -2.76016e-005 -0.00429717 0.0359784 -1.07044e-017 1.98291e-007 0.000898799 -0.000101764 0.0134129 -0.000701756 1.94926e-016 -5.13152e-005 6.22431e-005 -4.0565e-005 0.00892816 -1.11356e-005 -0.00025161 -1.07044e-017 -1.07044e-017 -9.63837e-017 -0.0262751 0.0109937 0.00597831 0.00304337 -0.0022681 8.50096e-016 -0.000560108 -0.00313442 
1.09337e-019 2.43109e-017 -5.24503e-020 -1.05405e-018 2.15965e-022 -4.98416e-020 1.17852e-017 -1.07044e-017 0.00369172 3.6625e-021 -2.09474e-019 5.20421e-020 3.36817e-018 -9.683e-018 -2.68385e-029 -2.89253e-019 5.22444e-019 1.57756e-019 -1.55599e-020 -1.15916e-019 -5.2382e-019 -1.05615e-030 -1.05615e-030 1.0449e-029 -7.04553e-018 -1.19574e-018 -6.85938e-019 8.16763e-018 -4.104e-017 1.25997e-029 -4.5316e-019 -4.99375e-018 
-2.57644e-008 -8.78327e-008 1.23782e-008 1.59461e-008 -9.91249e-011 1.97691e-009 1.21779e-006 1.98291e-007 3.6625e-021 0.755648 -5.38661e-008 2.47736e-008 1.74606e-007 6.18048e-007 5.26632e-019 -1.33622e-008 6.60752e-010 -2.89072e-009 1.37839e-007 3.21071e-009 -7.46991e-009 3.6625e-021 3.6625e-021 8.25777e-019 6.1845e-007 2.62866e-007 -7.29966e-008 -1.85418e-007 -1.24409e-007 1.73306e-020 -1.27283e-007 -5.20007e-007 
6.56812e-006 -0.00132934 3.54964e-006 -2.24173e-005 -2.74772e-009 1.75061e-006 6.02849e-006 0.000898799 -2.09474e-019 -5.38661e-008 0.000226905 -9.37367e-005 -0.000221246 0.00198369 1.11863e-016 1.22193e-005 -6.44507e-006 -1.07497e-007 -0.000489283 4.31927e-006 -4.3184e-006 -2.09474e-019 -2.09474e-019 3.17503e-017 0.000648361 -0.000545864 4.66305e-005 0.000442009 0.000863764 -9.556e-017 -3.93384e-005 -0.00113446 
-2.81956e-006 0.000482927 -5.47631e-006 4.85669e-006 1.21387e-009 -1.38099e-006 6.71314e-005 -0.000101764 5.20421e-020 2.47736e-008 -9.37367e-005 5.55935e-005 0.000113055 -0.00041032 -2.81772e-017 -2.06984e-005 8.62395e-006 2.38549e-006 0.000130277 -2.52418e-006 3.93282e-006 5.20421e-020 5.20421e-020 -4.07798e-017 -0.000122486 8.48053e-005 -4.31379e-005 -0.00013545 -0.000251229 1.02439e-016 4.31151e-005 0.000207387 
0.000864951 0.0145004 6.65245e-005 -0.00431987 8.04714e-009 2.09607e-006 -0.00340144 0.0134129 3.36817e-018 1.74606e-007 -0.000221246 0.000113055 0.0165443 -0.0108339 -1.89027e-016 0.000122385 -4.23838e-005 -9.99911e-005 0.0158986 -4.48035e-005 -0.000347959 3.36817e-018 3.36817e-018 4.88434e-016 -0.000105533 0.015546 0.010267 0.00570327 -0.00261847 -5.61023e-016 -0.000714988 0.0041629 
0.000175499 -0.0267231 -0.000101851 -0.00107508 3.65902e-008 2.67997e-005 0.0183905 -0.000701756 -9.683e-018 6.18048e-007 0.00198369 -0.00041032 -0.0108339 0.0609559 1.61335e-015 -0.000324343 5.20141e-005 0.000107264 -0.0141181 -1.38242e-005 0.000160891 -9.683e-018 -9.683e-018 -1.84327e-015 0.0288045 -0.0203092 0.00165043 0.0158783 0.0299011 -2.81004e-016 0.00313602 -0.029959 
5.2349e-017 -3.10755e-016 2.21373e-018 1.06697e-016 2.82304e-020 1.1381e-018 1.34856e-015 1.94926e-016 -2.68385e-029 5.26632e-019 1.11863e-016 -2.81772e-017 -1.89027e-016 1.61335e-015 0.270187 1.12289e-017 -1.73972e-017 -2.1262e-017 -1.30746e-015 -2.62456e-018 1.73833e-016 -2.68385e-029 -2.68385e-029 4.27282e-028 -3.06971e-016 -5.70853e-016 2.41532e-016 4.75008e-016 -2.8063e-015 4.1307e-028 1.60579e-016 -6.84777e-017 
-6.62645e-006 0.000173279 1.07778e-005 -2.4337e-005 -7.39071e-010 -5.08207e-007 -5.35965e-006 -5.13152e-005 -2.89253e-019 -1.33622e-008 1.22193e-005 -2.06984e-005 0.000122385 -0.000324343 1.12289e-017 2.54856e-005 -1.76717e-005 -8.1749e-006 0.000137872 5.70627e-006 -1.36594e-005 -2.89253e-019 -2.89253e-019 1.05169e-017 6.59415e-005 0.000226823 5.88051e-005 -2.05622e-005 -0.000148914 -6.26431e-017 -6.96173e-006 0.000171057 
2.74282e-006 -0.00011002 -2.31248e-005 5.02545e-006 6.2687e-011 1.84524e-007 2.20752e-005 6.22431e-005 5.22444e-019 6.60752e-010 -6.44507e-006 8.62395e-006 -4.23838e-005 5.20141e-005 -1.73972e-017 -1.76717e-005 2.63597e-005 1.71471e-005 -1.67026e-005 -1.56918e-005 2.57894e-005 5.22444e-019 5.22444e-019 -1.82034e-017 -0.000125616 -2.75423e-005 -4.63621e-006 -1.06329e-005 0.000112315 3.52024e-017 -5.69494e-006 -2.35554e-005 
3.59717e-006 -0.000129544 -3.25641e-005 1.97588e-005 -1.8507e-010 4.2952e-007 -9.47472e-006 -4.0565e-005 1.57756e-019 -2.89072e-009 -1.07497e-007 2.38549e-006 -9.99911e-005 0.000107264 -2.1262e-017 -8.1749e-006 1.71471e-005 4.93308e-005 -6.71643e-005 -6.11971e-005 0.000110327 1.57756e-019 1.57756e-019 -1.49906e-018 -1.50122e-005 -9.51825e-005 -5.18026e-005 -6.52364e-005 0.000358095 -2.64743e-018 6.25764e-006 -4.28681e-005 
0.000576233 0.0161394 6.41329e-005 -0.00507917 7.67555e-009 -1.03982e-005 -0.00349197 0.00892816 -1.55599e-020 1.37839e-007 -0.000489283 0.000130277 0.0158986 -0.0141181 -1.30746e-015 0.000137872 -1.67026e-005 -6.71643e-005 0.0202004 -0.000154689 -0.00021638 -1.55599e-020 -1.55599e-020 3.73248e-016 -0.00348805 0.0156834 0.0113574 0.00774069 -0.00104394 -1.75407e-016 -0.000877141 0.00701023 
2.39355e-006 -1.63929e-005 3.0075e-005 5.59249e-005 2.40249e-010 -6.94895e-008 2.97024e-006 -1.11356e-005 -1.15916e-019 3.21071e-009 4.31927e-006 -2.52418e-006 -4.48035e-005 -1.38242e-005 -2.62456e-018 5.70627e-006 -1.56918e-005 -6.11971e-005 -0.000154689 0.000124177 -0.000290797 -1.15916e-019 -1.15916e-019 -2.19818e-018 3.70373e-005 -8.10355e-005 -8.19372e-005 -0.000100434 -0.000760368 3.31167e-017 4.91189e-006 -9.71583e-006 
1.07022e-005 -0.00031002 -5.33359e-005 7.34664e-005 -9.98304e-010 6.2718e-010 -0.000102004 -0.00025161 -5.2382e-019 -7.46991e-009 -4.3184e-006 3.93282e-006 -0.000347959 0.000160891 1.73833e-016 -1.36594e-005 2.57894e-005 0.000110327 -0.00021638 -0.000290797 0.00110532 -5.2382e-019 -5.2382e-019 1.34707e-016 -6.52473e-005 -0.000296707 -0.000216423 8.01849e-005 0.000746318 -7.49963e-017 2.93123e-005 -2.79631e-005 
1.09337e-019 2.43109e-017 -5.24503e-020 -1.05405e-018 2.15965e-022 -4.98416e-020 1.17852e-017 -1.07044e-017 -1.05615e-030 3.6625e-021 -2.09474e-019 5.20421e-020 3.36817e-018 -9.683e-018 -2.68385e-029 -2.89253e-019 5.22444e-019 1.57756e-019 -1.55599e-020 -1.15916e-019 -5.2382e-019 0.00369172 -1.05615e-030 1.0449e-029 -7.04553e-018 -1.19574e-018 -6.85938e-019 8.16763e-018 -4.104e-017 1.25997e-029 -4.5316e-019 -4.99375e-018 
1.09337e-019 2.43109e-017 -5.24503e-020 -1.05405e-018 2.15965e-022 -4.98416e-020 1.17852e-017 -1.07044e-017 -1.05615e-030 3.6625e-021 -2.09474e-019 5.20421e-020 3.36817e-018 -9.683e-018 -2.68385e-029 -2.89253e-019 5.22444e-019 1.57756e-019 -1.55599e-020 -1.15916e-019 -5.2382e-019 -1.05615e-030 0.00369172 1.0449e-029 -7.04553e-018 -1.19574e-018 -6.85938e-019 8.16763e-018 -4.104e-017 1.25997e-029 -4.5316e-019 -4.99375e-018 
-7.76854e-018 5.66854e-016 1.95289e-017 -5.46249e-017 4.33458e-020 3.22492e-018 -1.39333e-015 -9.63837e-017 1.0449e-029 8.25777e-019 3.17503e-017 -4.07798e-017 4.88434e-016 -1.84327e-015 4.27282e-028 1.05169e-017 -1.82034e-017 -1.49906e-018 3.73248e-016 -2.19818e-018 1.34707e-016 1.0449e-029 1.0449e-029 0.197614 9.63149e-016 5.61728e-016 5.9266e-016 -3.94894e-016 1.28139e-015 -9.20902e-028 -2.37377e-016 1.48507e-015 
0.000263823 -0.00650326 7.83191e-005 -0.00114816 2.75044e-008 -2.99336e-005 -0.00132121 -0.0262751 -7.04553e-018 6.1845e-007 0.000648361 -0.000122486 -0.000105533 0.0288045 -3.06971e-016 6.59415e-005 -0.000125616 -1.50122e-005 -0.00348805 3.70373e-005 -6.52473e-005 -7.04553e-018 -7.04553e-018 9.63149e-016 0.139019 -0.00848905 0.00196322 0.00753174 0.0109967 -7.88397e-016 -0.000920396 -0.0179737 
0.000547275 0.0144571 5.42518e-005 -0.00394489 1.30414e-008 -1.66612e-005 -0.00352593 0.0109937 -1.19574e-018 2.62866e-007 -0.000545864 8.48053e-005 0.015546 -0.0203092 -5.70853e-016 0.000226823 -2.75423e-005 -9.51825e-005 0.0156834 -8.10355e-005 -0.000296707 -1.19574e-018 -1.19574e-018 5.61728e-016 -0.00848905 0.0215354 0.00987793 0.0029181 -0.00590371 -1.5589e-016 -0.000954402 0.00966269 
0.000740082 0.00582808 3.6056e-005 -0.00482848 -1.88727e-009 5.87627e-006 -0.00106127 0.00597831 -6.85938e-019 -7.29966e-008 4.66305e-005 -4.31379e-005 0.010267 0.00165043 2.41532e-016 5.88051e-005 -4.63621e-006 -5.18026e-005 0.0113574 -8.19372e-005 -0.000216423 -6.85938e-019 -6.85938e-019 5.9266e-016 0.00196322 0.00987793 0.0141511 0.0103127 0.00822439 2.74506e-016 -0.000221779 -8.01394e-005 
0.000861551 -0.00119476 4.9336e-005 -0.00474938 -6.73851e-009 1.91937e-005 0.00274459 0.00304337 8.16763e-018 -1.85418e-007 0.000442009 -0.00013545 0.00570327 0.0158783 4.75008e-016 -2.05622e-005 -1.06329e-005 -6.52364e-005 0.00774069 -0.000100434 8.01849e-005 8.16763e-018 8.16763e-018 -3.94894e-016 0.00753174 0.0029181 0.0103127 0.0186581 0.0101012 -8.98677e-017 0.000730831 -0.00658432 
0.000973336 -0.011538 -0.000162832 -0.00307148 -4.93212e-009 2.00843e-005 0.00794002 -0.0022681 -4.104e-017 -1.24409e-007 0.000863764 -0.000251229 -0.00261847 0.0299011 -2.8063e-015 -0.000148914 0.000112315 0.000358095 -0.00104394 -0.000760368 0.000746318 -4.104e-017 -4.104e-017 1.28139e-015 0.0109967 -0.00590371 0.00822439 0.0101012 0.0588448 1.24345e-015 0.00110893 -0.0130853 
-4.06418e-017 -4.9721e-017 -2.52315e-017 -3.54446e-017 8.51424e-022 -2.05035e-018 -6.31257e-016 8.50096e-016 1.25997e-029 1.73306e-020 -9.556e-017 1.02439e-016 -5.61023e-016 -2.81004e-016 4.1307e-028 -6.26431e-017 3.52024e-017 -2.64743e-018 -1.75407e-016 3.31167e-017 -7.49963e-017 1.25997e-029 1.25997e-029 -9.20902e-028 -7.88397e-016 -1.5589e-016 2.74506e-016 -8.98677e-017 1.24345e-015 0.270187 3.23925e-017 -8.01839e-016 
3.10038e-005 -0.000222689 -2.46705e-005 -3.87766e-005 -7.71425e-009 -9.26947e-006 0.00353193 -0.000560108 -4.5316e-019 -1.27283e-007 -3.93384e-005 4.31151e-005 -0.000714988 0.00313602 1.60579e-016 -6.96173e-006 -5.69494e-006 6.25764e-006 -0.000877141 4.91189e-006 2.93123e-005 -4.5316e-019 -4.5316e-019 -2.37377e-016 -0.000920396 -0.000954402 -0.000221779 0.000730831 0.00110893 3.23925e-017 0.00122806 -0.00102036 
4.3694e-005 0.0130709 4.29141e-005 0.000365312 -2.87408e-008 -2.38327e-005 -0.00737456 -0.00313442 -4.99375e-018 -5.20007e-007 -0.00113446 0.000207387 0.0041629 -0.029959 -6.84777e-017 0.000171057 -2.35554e-005 -4.28681e-005 0.00701023 -9.71583e-006 -2.79631e-005 -4.99375e-018 -4.99375e-018 1.48507e-015 -0.0179737 0.00966269 -8.01394e-005 -0.00658432 -0.0130853 -8.01839e-016 -0.00102036 0.0159947 
* row and column names
PUMDENA
WS_A_03
WD_A_05
PLUME_HEA
FALL_TIMA
LITHDENA
MEDIAN_GA
WS_A_02
WD_A_00
DIFFUSIOA
WD_A_01
WD_A_02
EDDY_CONA
ALPHAA
WS_A_09
WD_A_03
WD_A_04
WD_A_06
WS_A_05
WD_A_07
WD_A_08
WD_A_09
WD_A_10
WS_A_00
WS_A_01
WS_A_04
WS_A_06
WS_A_07
WS_A_08
WS_A_10
STD_GRAIA
ERUPTIONA
