    32    32     1
0.00192038 0.000136798 1.9274e-005 9.8419e-005 4.51673e-008 4.57522e-008 0.000252119 4.76528e-005 -1.98495e-019 -8.81585e-009 -1.08081e-006 -1.98293e-005 0.000807817 1.66682e-005 -6.21989e-008 -1.35046e-005 2.56182e-006 -1.05749e-006 0.000661636 -1.95994e-005 5.26107e-008 -3.19399e-009 -1.98495e-019 2.6539e-018 1.68548e-005 0.000371781 0.000788462 0.000917497 0.000512246 5.97377e-018 -1.90044e-005 0.000160649 
0.000136798 0.195256 -0.00237871 -0.00209346 8.68707e-006 -2.68701e-005 0.0166538 -0.0159188 3.66489e-018 -1.75976e-006 -0.000267478 -0.000166691 0.0332459 -0.000982254 -6.15633e-006 0.00201537 -0.000480926 0.000618441 0.0341617 0.0010973 0.00028776 2.03717e-007 3.66489e-018 4.26718e-016 -0.0007927 -0.0362672 0.00248976 -0.0200966 -0.0163492 -1.86137e-016 0.000746593 -0.0337239 
1.9274e-005 -0.00237871 0.00136972 -1.33487e-005 -4.11467e-007 7.14386e-007 -0.00031989 -0.00131869 -7.53613e-019 8.08955e-008 -1.85654e-006 0.0003375 -0.00143676 -1.85408e-005 1.11615e-006 0.000385865 -0.00117441 -0.000822256 0.000391822 6.0927e-005 6.18247e-005 6.70548e-008 -7.53613e-019 -5.58599e-017 -0.000261279 -0.00223204 0.00180295 -0.000184007 9.98958e-005 -1.59569e-017 8.878e-005 0.000558876 
9.8419e-005 -0.00209346 -1.33487e-005 0.00240951 -3.49795e-008 -1.09116e-006 -0.000868032 -0.000222447 1.97862e-018 6.42199e-009 5.8029e-006 4.26084e-005 -0.00291946 -0.000161669 -1.30501e-006 9.15098e-006 1.42659e-005 7.70401e-005 -0.00433305 8.80692e-005 4.77368e-005 7.57361e-008 1.97862e-018 -1.74983e-017 -6.01036e-005 -0.00372009 -0.00532399 -0.00527492 -0.00325289 -2.30774e-017 0.000281808 -0.00167274 
4.51673e-008 8.68707e-006 -4.11467e-007 -3.49795e-008 1 -4.09448e-010 -3.79514e-007 2.51742e-006 6.77238e-021 1.08001e-009 2.12184e-007 1.04777e-006 -3.25057e-006 -8.58565e-007 7.05819e-009 -1.24069e-007 1.41346e-007 1.22144e-007 -1.07975e-005 2.52778e-007 -2.86237e-008 9.17704e-012 6.77238e-021 -4.35053e-019 -8.19137e-007 -3.84073e-006 6.95601e-006 2.64781e-006 1.96303e-006 -4.4561e-019 1.35072e-006 -9.69867e-007 
4.57522e-008 -2.68701e-005 7.14386e-007 -1.09116e-006 -4.09448e-010 0.00028005 6.73049e-006 1.02032e-006 1.99295e-020 8.52877e-011 2.46765e-007 -1.42885e-009 2.8592e-006 -2.04804e-006 -1.84377e-008 -9.47404e-007 -1.17649e-007 8.25896e-007 -1.25303e-007 -6.45541e-007 -2.77566e-006 -1.4157e-009 1.99295e-020 2.04572e-021 -5.73069e-007 -3.11102e-005 -7.05394e-006 1.63178e-005 -3.58709e-006 -7.13841e-019 6.32354e-006 -3.74979e-006 
0.000252119 0.0166538 -0.00031989 -0.000868032 -3.79514e-007 6.73049e-006 0.215757 0.00216842 1.34537e-017 6.66523e-008 0.000104995 0.00114203 -0.0270671 -0.000833456 -1.70724e-005 0.000925384 -0.000482997 -0.000789079 -0.0268342 0.000829758 0.000155083 -8.75777e-007 1.34537e-017 5.2641e-016 -0.000591531 -0.0057641 -0.0193113 0.0113719 0.00529933 1.16955e-015 -6.38595e-005 -0.00507709 
4.76528e-005 -0.0159188 -0.00131869 -0.000222447 2.51742e-006 1.02032e-006 0.00216842 0.214784 -8.9982e-018 -5.16344e-007 -0.000177284 0.00170002 0.00643327 0.000324359 -1.90097e-006 0.00379054 -0.000197949 0.000362448 0.0117012 0.000126606 -8.52211e-006 2.28275e-008 -8.9982e-018 2.79833e-016 -0.00147798 0.00499549 -0.00150902 -0.00966162 -0.00595009 1.17842e-016 -0.001096 -0.013558 
-1.98495e-019 3.66489e-018 -7.53613e-019 1.97862e-018 6.77238e-021 1.99295e-020 1.34537e-017 -8.9982e-018 0.00369172 -1.34527e-021 -5.56654e-019 -1.48375e-018 3.18886e-017 2.58888e-018 5.6623e-020 1.74477e-018 -1.09828e-018 -4.47725e-019 2.96022e-017 1.04881e-018 -9.09238e-019 -2.98813e-021 -2.80184e-031 2.91559e-031 1.46866e-018 4.88728e-017 -2.98556e-017 -3.69201e-017 -4.64649e-018 -3.01264e-030 -6.339e-018 -2.47682e-017 
-8.81585e-009 -1.75976e-006 8.08955e-008 6.42199e-009 1.08001e-009 8.52877e-011 6.66523e-008 -5.16344e-007 -1.34527e-021 0.755648 -4.22966e-008 -2.05863e-007 6.56299e-007 1.70803e-007 -1.40834e-009 2.56104e-008 -2.99575e-008 -2.23048e-008 2.16717e-006 -5.00851e-008 5.72333e-009 -1.9514e-012 -1.34527e-021 8.76049e-020 1.60301e-007 7.65588e-007 -1.38237e-006 -5.28508e-007 -3.92995e-007 8.90496e-020 -2.69423e-007 1.98531e-007 
-1.08081e-006 -0.000267478 -1.85654e-006 5.8029e-006 2.12184e-007 2.46765e-007 0.000104995 -0.000177284 -5.56654e-019 -4.22966e-008 0.00367822 -4.44466e-005 0.000208381 4.31894e-005 -1.21547e-007 1.20208e-005 -1.92989e-005 -8.70432e-006 0.000503059 -8.9351e-006 -1.00716e-006 1.43498e-009 -5.56654e-019 1.44358e-017 3.62583e-005 0.000424921 -0.000232058 -0.000455323 -0.0002349 1.38698e-017 -0.000111716 -0.000636232 
-1.98293e-005 -0.000166691 0.0003375 4.26084e-005 1.04777e-006 -1.42885e-009 0.00114203 0.00170002 -1.48375e-018 -2.05863e-007 -4.44466e-005 0.00280156 0.000617876 0.000166176 -2.94268e-008 -0.00110504 -0.00018012 -0.000113181 0.00195883 -0.000108144 4.74812e-006 5.29588e-009 -1.48375e-018 4.05642e-017 0.000705476 0.000849548 -0.000811537 -0.00133775 -0.000567625 3.90133e-017 -0.000376556 -0.00157239 
0.000807817 0.0332459 -0.00143676 -0.00291946 -3.25057e-006 2.8592e-006 -0.0270671 0.00643327 3.18886e-017 6.56299e-007 0.000208381 0.000617876 0.0348725 -0.000465556 -7.58752e-006 0.000270161 -7.82929e-005 0.00052583 0.0227664 0.000588317 0.00029749 2.58349e-007 3.18886e-017 -3.81137e-016 -0.00017026 0.0412945 -0.00120975 -0.00681792 -0.00909645 3.03705e-016 0.00226417 -0.00677647 
1.66682e-005 -0.000982254 -1.85408e-005 -0.000161669 -8.58565e-007 -2.04804e-006 -0.000833456 0.000324359 2.58888e-018 1.70803e-007 4.31894e-005 0.000166176 -0.000465556 0.561469 7.69938e-007 -8.35613e-005 5.69711e-005 4.76919e-005 -0.00289183 5.86059e-005 1.68967e-005 -8.2523e-010 2.58888e-018 -4.33675e-017 -0.000162168 -0.00380514 0.000668314 0.00234044 0.00147409 -3.10089e-017 0.000785555 -0.0261093 
-6.21989e-008 -6.15633e-006 1.11615e-006 -1.30501e-006 7.05819e-009 -1.84377e-008 -1.70724e-005 -1.90097e-006 5.6623e-020 -1.40834e-009 -1.21547e-007 -2.94268e-008 -7.58752e-006 7.69938e-007 0.270187 6.81623e-007 -1.92521e-006 1.59862e-006 -3.97884e-005 -5.87918e-008 -1.3706e-006 -1.28059e-009 5.6623e-020 -2.28965e-018 1.72912e-007 -1.37255e-005 -5.24854e-006 0.000105378 -6.26407e-005 5.76428e-018 4.77523e-006 8.76653e-006 
-1.35046e-005 0.00201537 0.000385865 9.15098e-006 -1.24069e-007 -9.47404e-007 0.000925384 0.00379054 1.74477e-018 2.56104e-008 1.20208e-005 -0.00110504 0.000270161 -8.35613e-005 6.81623e-007 0.00125174 -0.000926351 3.51129e-005 -0.00080338 -8.27864e-005 -6.06983e-006 -4.68449e-009 1.74477e-018 -2.91339e-017 0.000789161 -0.000970176 0.000379614 0.000380147 0.000211762 -6.57218e-017 8.52249e-005 -0.000352314 
2.56182e-006 -0.000480926 -0.00117441 1.42659e-005 1.41346e-007 -1.17649e-007 -0.000482997 -0.000197949 -1.09828e-018 -2.99575e-008 -1.92989e-005 -0.00018012 -7.82929e-005 5.69711e-005 -1.92521e-006 -0.000926351 0.00160713 0.000237362 0.000620899 0.000239981 -1.28777e-005 -2.41801e-008 -1.09828e-018 7.71003e-017 4.96161e-005 0.00108933 -0.00131838 -0.000350421 -0.000333321 5.55389e-017 5.10977e-005 0.000324655 
-1.05749e-006 0.000618441 -0.000822256 7.70401e-005 1.22144e-007 8.25896e-007 -0.000789079 0.000362448 -4.47725e-019 -2.23048e-008 -8.70432e-006 -0.000113181 0.00052583 4.76919e-005 1.59862e-006 3.51129e-005 0.000237362 0.00145196 -0.00170628 -0.00104565 -0.000111526 -6.97459e-008 -4.47725e-019 -1.94574e-017 0.000129225 -0.00141906 0.000508632 0.00129364 0.000462822 -3.20773e-017 -0.000280306 0.000153013 
0.000661636 0.0341617 0.000391822 -0.00433305 -1.07975e-005 -1.25303e-007 -0.0268342 0.0117012 2.96022e-017 2.16717e-006 0.000503059 0.00195883 0.0227664 -0.00289183 -3.97884e-005 -0.00080338 0.000620899 -0.00170628 0.147177 -0.000500195 6.35866e-005 1.292e-009 2.96022e-017 -8.74466e-016 -0.00102951 -0.0493903 -0.0584886 -0.011215 -0.00387554 1.53082e-015 0.00604724 -0.000322034 
-1.95994e-005 0.0010973 6.0927e-005 8.80692e-005 2.52778e-007 -6.45541e-007 0.000829758 0.000126606 1.04881e-018 -5.00851e-008 -8.9351e-006 -0.000108144 0.000588317 5.86059e-005 -5.87918e-008 -8.27864e-005 0.000239981 -0.00104565 -0.000500195 0.00154383 -0.000436081 -1.48732e-007 1.04881e-018 4.80536e-017 8.22366e-005 0.00247403 -0.000429638 -0.00139754 0.000182861 1.31191e-016 4.12968e-005 -0.000696651 
5.26107e-008 0.00028776 6.18247e-005 4.77368e-005 -2.86237e-008 -2.77566e-006 0.000155083 -8.52211e-006 -9.09238e-019 5.72333e-009 -1.00716e-006 4.74812e-006 0.00029749 1.68967e-005 -1.3706e-006 -6.06983e-006 -1.28777e-005 -0.000111526 6.35866e-005 -0.000436081 0.00311117 -1.70499e-007 -9.09238e-019 4.98237e-017 -4.47492e-007 0.000370501 -0.000985698 0.0010601 -0.000832431 -6.91146e-017 6.64654e-005 -8.15983e-005 
-3.19399e-009 2.03717e-007 6.70548e-008 7.57361e-008 9.17704e-012 -1.4157e-009 -8.75777e-007 2.28275e-008 -2.98813e-021 -1.9514e-012 1.43498e-009 5.29588e-009 2.58349e-007 -8.2523e-010 -1.28059e-009 -4.68449e-009 -2.41801e-008 -6.97459e-008 1.292e-009 -1.48732e-007 -1.70499e-007 0.00369172 -2.98813e-021 2.00535e-020 -6.34449e-009 2.0825e-007 -3.96417e-007 4.96296e-007 -1.31839e-007 7.30262e-021 -2.08468e-008 -7.28072e-008 
-1.98495e-019 3.66489e-018 -7.53613e-019 1.97862e-018 6.77238e-021 1.99295e-020 1.34537e-017 -8.9982e-018 -2.80184e-031 -1.34527e-021 -5.56654e-019 -1.48375e-018 3.18886e-017 2.58888e-018 5.6623e-020 1.74477e-018 -1.09828e-018 -4.47725e-019 2.96022e-017 1.04881e-018 -9.09238e-019 -2.98813e-021 0.00369172 2.91559e-031 1.46866e-018 4.88728e-017 -2.98556e-017 -3.69201e-017 -4.64649e-018 -3.01264e-030 -6.339e-018 -2.47682e-017 
2.6539e-018 4.26718e-016 -5.58599e-017 -1.74983e-017 -4.35053e-019 2.04572e-021 5.2641e-016 2.79833e-016 2.91559e-031 8.76049e-020 1.44358e-017 4.05642e-017 -3.81137e-016 -4.33675e-017 -2.28965e-018 -2.91339e-017 7.71003e-017 -1.94574e-017 -8.74466e-016 4.80536e-017 4.98237e-017 2.00535e-020 2.91559e-031 0.197614 -2.91927e-017 -7.71791e-016 1.31653e-015 6.38e-016 -6.77852e-016 -2.57299e-029 1.18014e-016 2.02831e-016 
1.68548e-005 -0.0007927 -0.000261279 -6.01036e-005 -8.19137e-007 -5.73069e-007 -0.000591531 -0.00147798 1.46866e-018 1.60301e-007 3.62583e-005 0.000705476 -0.00017026 -0.000162168 1.72912e-007 0.000789161 4.96161e-005 0.000129225 -0.00102951 8.22366e-005 -4.47492e-007 -6.34449e-009 1.46866e-018 -2.91927e-017 0.197021 -0.0011367 0.000901075 0.000911683 0.000296324 -5.09725e-017 0.000353133 0.00113304 
0.000371781 -0.0362672 -0.00223204 -0.00372009 -3.84073e-006 -3.11102e-005 -0.0057641 0.00499549 4.88728e-017 7.65588e-007 0.000424921 0.000849548 0.0412945 -0.00380514 -1.37255e-005 -0.000970176 0.00108933 -0.00141906 -0.0493903 0.00247403 0.000370501 2.0825e-007 4.88728e-017 -7.71791e-016 -0.0011367 0.179777 -0.0149456 0.0081287 -0.00262488 -2.31891e-016 0.00668107 -0.00279699 
0.000788462 0.00248976 0.00180295 -0.00532399 6.95601e-006 -7.05394e-006 -0.0193113 -0.00150902 -2.98556e-017 -1.38237e-006 -0.000232058 -0.000811537 -0.00120975 0.000668314 -5.24854e-006 0.000379614 -0.00131838 0.000508632 -0.0584886 -0.000429638 -0.000985698 -3.96417e-007 -2.98556e-017 1.31653e-015 0.000901075 -0.0149456 0.166359 -0.0452796 -0.0238715 4.31117e-016 0.000460781 0.0121265 
0.000917497 -0.0200966 -0.000184007 -0.00527492 2.64781e-006 1.63178e-005 0.0113719 -0.00966162 -3.69201e-017 -5.28508e-007 -0.000455323 -0.00133775 -0.00681792 0.00234044 0.000105378 0.000380147 -0.000350421 0.00129364 -0.011215 -0.00139754 0.0010601 4.96296e-007 -3.69201e-017 6.38e-016 0.000911683 0.0081287 -0.0452796 0.126923 -0.0246873 -1.20581e-015 -0.00508954 0.00931833 
0.000512246 -0.0163492 9.98958e-005 -0.00325289 1.96303e-006 -3.58709e-006 0.00529933 -0.00595009 -4.64649e-018 -3.92995e-007 -0.0002349 -0.000567625 -0.00909645 0.00147409 -6.26407e-005 0.000211762 -0.000333321 0.000462822 -0.00387554 0.000182861 -0.000832431 -1.31839e-007 -4.64649e-018 -6.77852e-016 0.000296324 -0.00262488 -0.0238715 -0.0246873 0.216347 -3.43929e-016 -0.00259989 0.00542963 
5.97377e-018 -1.86137e-016 -1.59569e-017 -2.30774e-017 -4.4561e-019 -7.13841e-019 1.16955e-015 1.17842e-016 -3.01264e-030 8.90496e-020 1.38698e-017 3.90133e-017 3.03705e-016 -3.10089e-017 5.76428e-018 -6.57218e-017 5.55389e-017 -3.20773e-017 1.53082e-015 1.31191e-016 -6.91146e-017 7.30262e-021 -3.01264e-030 -2.57299e-029 -5.09725e-017 -2.31891e-016 4.31117e-016 -1.20581e-015 -3.43929e-016 0.270187 -8.36507e-017 3.01478e-016 
-1.90044e-005 0.000746593 8.878e-005 0.000281808 1.35072e-006 6.32354e-006 -6.38595e-005 -0.001096 -6.339e-018 -2.69423e-007 -0.000111716 -0.000376556 0.00226417 0.000785555 4.77523e-006 8.52249e-005 5.10977e-005 -0.000280306 0.00604724 4.12968e-005 6.64654e-005 -2.08468e-008 -6.339e-018 1.18014e-016 0.000353133 0.00668107 0.000460781 -0.00508954 -0.00259989 -8.36507e-017 0.0122464 0.00458158 
0.000160649 -0.0337239 0.000558876 -0.00167274 -9.69867e-007 -3.74979e-006 -0.00507709 -0.013558 -2.47682e-017 1.98531e-007 -0.000636232 -0.00157239 -0.00677647 -0.0261093 8.76653e-006 -0.000352314 0.000324655 0.000153013 -0.000322034 -0.000696651 -8.15983e-005 -7.28072e-008 -2.47682e-017 2.02831e-016 0.00113304 -0.00279699 0.0121265 0.00931833 0.00542963 3.01478e-016 0.00458158 0.0153222 
* row and column names
PUMDENA
WS_A_03
WD_A_05
PLUME_HEA
FALL_TIMA
LITHDENA
MEDIAN_GA
WS_A_02
WD_A_00
DIFFUSIOA
WD_A_01
WD_A_02
EDDY_CONA
ALPHAA
WS_A_09
WD_A_03
WD_A_04
WD_A_06
WS_A_05
WD_A_07
WD_A_08
WD_A_09
WD_A_10
WS_A_00
WS_A_01
WS_A_04
WS_A_06
WS_A_07
WS_A_08
WS_A_10
STD_GRAIA
ERUPTIONA
